CIUDAD,Aguascalientes,Campeche,Chetumal,Chihuahua,Chilpancingo,Ciudad Victoria,Ciudad de México,Colima,Cuernavaca,Culiacán,Durango,Guadalajara,Guanajuato,Hermosillo,Jalapa,La Paz,Mexicali,Monterrey,Morelia,Mérida,Oaxaca,Pachuca,Puebla,Querétaro,Saltillo,San Luis Potosí,Tepic,Tlaxcala,Toluca,Tuxtla Gutierrez,Villahermosa,Zacatecas
Aguascalientes,0.0,1232.4740931201184,1499.5546718298185,835.1796409330354,578.0520411157129,375.1374246464627,416.8358951801536,331.6809061320617,449.0777921763361,625.1434783171678,330.32738445878977,177.4612852994724,142.34284471544584,1176.9384227832347,608.4365918208542,866.3226290989644,1760.2527157486882,464.39319595410444,268.74328597069115,1315.1208347072827,775.826905437305,411.32677423436155,519.6084757330277,251.45363668926373,415.57687522377154,129.54202837587158,271.0167521045173,504.2536647225713,393.9953715708117,1125.6171074907677,1066.477424865719,114.53911211250349
Campeche,1232.4740931201184,0.0,277.0381433281992,1840.8271565413575,971.289918306217,990.2647067733701,901.2062029411759,1380.4499178597405,912.0930995839703,1824.2403002292808,1504.8861744340982,1340.4699856939749,1114.740826894126,2292.2814846280467,670.2495919557521,2090.2936793839594,2840.9360094003455,1195.3855552546354,1103.5542358228477,153.06008865393773,749.0730782647962,854.2763903458203,807.4970945171588,1016.5097575012293,1241.8972800382173,1114.1110602132417,1495.2703934365638,805.1554675702864,944.4011200063783,436.5257342260112,317.7376420397891,1304.9594611789867
Chetumal,1499.5546718298185,277.0381433281992,0.0,2116.9120168931418,1185.0521902809794,1267.165508781426,1147.7880104229082,1625.8368124807744,1151.817525644708,2098.1467003969856,1778.9766244608918,1598.562454804988,1377.001778159138,2569.3007267376097,917.4156919978165,2361.365215080863,3116.8739223251496,1471.5289593398968,1353.0831309846594,285.36169530461956,939.05783063464,1109.7513788912918,1047.9505555576345,1275.102526962548,1518.7293186717413,1384.1212584396349,1758.3486173914412,1049.3227045991616,1189.607861950663,545.2698406260164,490.51168676528357,1576.1323690698066
Chihuahua,835.1796409330354,1840.8271565413575,2116.9120168931418,0.0,1412.1062393416482,866.7230286079778,1227.6425802741612,1061.4508029948415,1269.1577570805896,450.98865728621155,527.034792504608,913.228078160995,967.9794844958676,477.1119328851117,1363.3900686661736,645.4713747245635,1000.154572204405,645.441731997296,1103.9093278309097,1867.2593488292262,1587.3766503526494,1192.5445930107423,1317.6897178290408,1064.7127885847444,602.915514164732,871.678755064767,787.9557190328843,1296.8616979769436,1214.9392063512098,1875.0627073945584,1779.6759186305387,720.7519268976934
Chilpancingo,578.0520411157129,971.289918306217,1185.0521902809794,1412.1062393416482,0.0,706.5566328047511,230.7051123627133,498.827382878864,177.61209065690375,1168.7042951389935,903.8145966592919,555.4806583149275,444.9896157150413,1742.0690856218569,349.2946656220682,1360.4532370858497,2326.137751452058,926.3189068231834,311.44909418936663,1102.997080798726,263.53165574884224,311.72013443230105,225.63299254642976,359.51477834868285,910.6210947486185,554.5905569066442,731.1936833291877,246.7993296088237,217.8832722519441,684.9787771347546,695.1428394857985,692.5145304472718
Ciudad Victoria,375.1374246464627,990.2647067733701,1267.165508781426,866.7230286079778,706.5566328047511,0.0,477.01950198515334,686.890893578288,529.8233871184581,850.6138665940503,535.7917617968827,549.5668297342589,365.46000997428325,1303.9791540849674,525.546242294657,1131.1812326871639,1862.9080741516439,245.50525213727406,492.8779712083758,1039.8592129029976,789.8830495581578,405.48874873975547,528.2640838176018,375.4826547703725,266.00130818814006,257.3376931813825,628.466709482502,503.2855446044825,490.4175987391666,1015.6373347109842,913.8448707361428,381.44641213868283
Ciudad de México,416.8358951801536,901.2062029411759,1147.7880104229082,1227.6425802741612,230.7051123627133,477.01950198515334,0.0,479.4311724793003,53.097670909330496,1039.4681808982646,745.6103330557139,462.13635536385453,274.54312844437686,1592.7754027786273,231.27857908810228,1264.9038560608374,2175.311839909233,702.8647853196532,205.85076669479844,1012.8425504539722,361.6321625552886,86.63246053522212,106.82288305743478,166.47591310390513,693.2357997155619,356.03352333159927,634.1789880267609,99.13901395659435,44.021078052166246,719.2515381635945,680.2437642098732,524.9860067275289
Colima,331.6809061320617,1380.4499178597405,1625.8368124807744,1061.4508029948415,498.827382878864,686.890893578288,479.4311724793003,0.0,474.75551841931446,723.1001122239521,537.6790508550887,165.85527791598537,331.5245360394935,1306.4618135269186,710.7003186996715,875.0212792111876,1883.8336262417756,795.4742383912992,278.72503843744903,1488.8592838631134,756.9013996908387,531.7673252920146,577.9787835137133,387.8656673267066,743.4748112023467,430.06705031884206,281.28177536957793,576.9003059322781,436.720122621272,1167.692721450622,1150.2436078860403,405.42415577785124
Cuernavaca,449.0777921763361,912.0930995839703,1151.817525644708,1269.1577570805896,177.61209065690375,529.8233871184581,53.097670909330496,474.75551841931446,0.0,1066.7361154288808,779.3067023096619,475.9995775640391,307.3370395937784,1625.9678443452572,244.02926803964988,1284.468810348858,2209.326405544482,754.0695727449544,213.94731492003677,1029.1740724144333,326.97870817298025,136.6266361277162,104.62303463658331,204.48196724400563,742.7772804329657,399.02641002146913,651.1676897505467,109.69620990471321,55.117335302859175,704.2791238777397,676.1798513762947,560.0364066291716
Culiacán,625.1434783171678,1824.2403002292808,2098.1467003969856,450.98865728621155,1168.7042951389935,850.6138665940503,1039.4681808982646,723.1001122239521,1066.7361154288808,0.0,319.3822845679079,615.2317191068909,765.944414455549,583.4172272021536,1231.4781409619866,289.5882318546204,1163.2184558590536,727.2704247723617,863.3805588142556,1886.7608010044003,1392.6872168539119,1035.9000729645763,1143.8659572349834,875.9829794633121,656.6091925240814,721.5740703445149,446.3083430523502,1129.179211512232,1012.4863971447174,1750.476337523912,1686.379972022573,528.7891238230063
Durango,330.32738445878977,1504.8861744340982,1778.9766244608918,527.034792504608,903.8145966592919,535.7917617968827,745.6103330557139,537.6790508550887,779.3067023096619,319.3822845679079,0.0,386.20035959314276,472.08748932208175,847.1684338586317,922.6896860128514,595.4102944923776,1430.0769572738284,451.63212286911016,592.3692269761921,1568.169118706181,1105.829035283278,731.1358791067092,846.194445648634,579.2407421897298,378.67962462956245,408.71460256339134,278.4778589640013,829.2139600863318,724.2008608250924,1443.7722415635606,1373.1515851518789,221.10211902347044
Guadalajara,177.4612852994724,1340.4699856939749,1598.562454804988,913.228078160995,555.4806583149275,549.5668297342589,462.13635536385453,165.85527791598537,475.9995775640391,615.2317191068909,386.20035959314276,0.0,231.34477194501707,1194.2605467407216,684.4443323876343,810.7583342945858,1777.0123828509802,634.8432499439024,262.3805209521995,1435.9000649605189,792.258578509862,488.8850812550304,568.649131499188,324.02014723527657,580.2535452399255,294.71740881200617,177.03510348660961,560.348090067018,426.14882036902833,1179.6145395821209,1141.1684342300234,239.7005237599386
Guanajuato,142.34284471544584,1114.740826894126,1377.001778159138,967.9794844958676,444.9896157150413,365.46000997428325,274.54312844437686,331.5245360394935,307.3370395937784,765.944414455549,472.08748932208175,231.34477194501707,0.0,1319.060914998183,473.2560209347779,999.8124061071213,1902.164286672853,523.8704015312983,149.30068171684823,1206.3485288430832,633.7502950833973,274.6951719503981,377.9591845911154,110.16533696112612,491.07067492807664,126.15225627634281,381.3484407447347,363.42126602739387,252.2198231664619,986.5330792619982,932.7262872594832,252.85652229324452
Hermosillo,1176.9384227832347,2292.2814846280467,2569.3007267376097,477.1119328851117,1742.0690856218569,1303.9791540849674,1592.7754027786273,1306.4618135269186,1625.9678443452572,583.4172272021536,847.1684338586317,1194.2605467407216,1319.060914998183,0.0,1762.3209349905394,538.3302034456138,584.1575939143128,1104.0635341050738,1432.2998111951733,2328.8505269247376,1952.762322963119,1575.459565229642,1692.8408309825331,1426.379190690516,1051.5958977536873,1249.598441103673,1029.1092414703521,1675.2883000619277,1570.9104689416347,2282.9987951770286,2201.7250925861995,1067.961788240236
Jalapa,608.4365918208542,670.2495919557521,917.4156919978165,1363.3900686661736,349.2946656220682,525.546242294657,231.27857908810228,710.7003186996715,244.02926803964988,1231.4781409619866,922.6896860128514,684.4443323876343,473.2560209347779,1762.3209349905394,0.0,1472.8874496283,2339.176080591076,770.9309477023055,435.75351904010074,785.1702063141504,283.3939803291642,198.61671616836796,141.0918803576568,365.3588573336679,782.9018112970093,514.2853913131883,850.6678204038543,135.25102093010523,274.20008202479966,521.2813209776368,459.53485108678217,703.8458534164208
La Paz,866.3226290989644,2090.2936793839594,2361.365215080863,645.4713747245635,1360.4532370858497,1131.1812326871639,1264.9038560608374,875.0212792111876,1284.468810348858,289.5882318546204,595.4102944923776,810.7583342945858,999.8124061071213,538.3302034456138,1472.8874496283,0.0,1056.4241250409964,1016.8260142341859,1072.3377704709185,2160.2225541991343,1602.9871586262145,1274.4624979265297,1371.5218781235762,1108.9379833443634,945.9985261243021,977.3119132349409,633.9703808245604,1359.9320972318824,1232.5902965639816,1983.841374467682,1932.043706446351,785.3923557582067
Mexicali,1760.2527157486882,2840.9360094003455,3116.8739223251496,1000.154572204405,2326.137751452058,1862.9080741516439,2175.311839909233,1883.8336262417756,2209.326405544482,1163.2184558590536,1430.0769572738284,1777.0123828509802,1902.164286672853,584.1575939143128,2339.176080591076,1056.4241250409964,0.0,1645.5664560774655,2016.4573339112433,2864.4742632039015,2535.9017322296713,2155.356257568564,2274.360118714236,2008.8387591130365,1601.7666716694466,1828.976886406185,1609.4802124852324,2256.2620857372017,2154.2336612739136,2858.274966283176,2771.2011699493787,1650.3282305880955
Monterrey,464.39319595410444,1195.3855552546354,1471.5289593398968,645.441731997296,926.3189068231834,245.50525213727406,702.8647853196532,795.4742383912992,754.0695727449544,727.2704247723617,451.63212286911016,634.8432499439024,523.8704015312983,1104.0635341050738,770.9309477023055,1016.8260142341859,1645.5664560774655,0.0,670.5027024526,1225.0936398557517,1031.755549009784,639.8281436816658,765.895859573069,573.3407435683162,73.02446253427492,397.73030222006196,646.8964814258786,741.4579743583398,708.5662250900199,1256.9346765251667,1149.5120051484616,405.1806238310634
Morelia,268.74328597069115,1103.5542358228477,1353.0831309846594,1103.9093278309097,311.44909418936663,492.8779712083758,205.85076669479844,278.72503843744903,213.94731492003677,863.3805588142556,592.3692269761921,262.3805209521995,149.30068171684823,1432.2998111951733,435.75351904010074,1072.3377704709185,2016.4573339112433,670.5027024526,0.0,1210.2549185354205,531.9093296232095,253.08245741004984,310.1682844722312,127.14911080804941,639.9518655181729,274.05410229616103,438.42957117791366,304.95587174470904,166.258362588289,918.1658376527377,885.4697294433629,383.1715159327965
Mérida,1315.1208347072827,153.06008865393773,285.36169530461956,1867.2593488292262,1102.997080798726,1039.8592129029976,1012.8425504539722,1488.8592838631134,1029.1740724144333,1886.7608010044003,1568.169118706181,1435.9000649605189,1206.3485288430832,2328.8505269247376,785.1702063141504,2160.2225541991343,2864.4742632039015,1225.0936398557517,1210.2549185354205,0.0,891.7154679146955,957.694318572422,925.4381428114582,1114.1189713470192,1278.1049856967525,1191.7588243897908,1582.876994737002,920.2030660845229,1056.698090347299,589.0436580413949,469.74254849874956,1378.2439944090308
Oaxaca,775.826905437305,749.0730782647962,939.05783063464,1587.3766503526494,263.53165574884224,789.8830495581578,361.6321625552886,756.9013996908387,326.97870817298025,1392.6872168539119,1105.829035283278,792.258578509862,633.7502950833973,1952.762322963119,283.3939803291642,1602.9871586262145,2535.9017322296713,1031.755549009784,531.9093296232095,891.7154679146955,0.0,398.43183046848384,271.02627885866394,527.7776674081496,1033.8471122231092,716.0755536360523,969.2069782063444,293.61340395772913,381.93525768504605,422.89664684211124,449.9273361238045,885.8547474624819
Pachuca,411.32677423436155,854.2763903458203,1109.7513788912918,1192.5445930107423,311.72013443230105,405.48874873975547,86.63246053522212,531.7673252920146,136.6266361277162,1035.9000729645763,731.1358791067092,488.8850812550304,274.6951719503981,1575.459565229642,198.61671616836796,1274.4624979265297,2155.356257568564,639.8281436816658,253.08245741004984,957.694318572422,398.43183046848384,0.0,127.69248732041942,167.01520874820247,637.0541759244435,326.41218546916105,652.6528807187468,104.94024323398573,122.38033035900227,714.5852827769279,658.1495135204966,510.61855100139786
Puebla,519.6084757330277,807.4970945171588,1047.9505555576345,1317.6897178290408,225.63299254642976,528.2640838176018,106.82288305743478,577.9787835137133,104.62303463658331,1143.8659572349834,846.194445648634,568.649131499188,377.9591845911154,1692.8408309825331,141.0918803576568,1371.5218781235762,2274.360118714236,765.895859573069,310.1682844722312,925.4381428114582,271.02627885866394,127.69248732041942,0.0,268.1583412227782,764.5535632873082,447.9121069994763,740.9994220917508,25.35272933032653,143.94019361539227,612.4763884172648,575.4245656995455,625.1066407220238
Querétaro,251.45363668926373,1016.5097575012293,1275.102526962548,1064.7127885847444,359.51477834868285,375.4826547703725,166.47591310390513,387.8656673267066,204.48196724400563,875.9829794633121,579.2407421897298,324.02014723527657,110.16533696112612,1426.379190690516,365.3588573336679,1108.9379833443634,2008.8387591130365,573.3407435683162,127.14911080804941,1114.1189713470192,527.7776674081496,167.01520874820247,268.1583412227782,0.0,552.6391248100934,196.25456752942833,485.651959553137,253.26815540228793,150.319258814251,876.4918311880738,824.8019233370655,358.5184013161236
Saltillo,415.57687522377154,1241.8972800382173,1518.7293186717413,602.915514164732,910.6210947486185,266.00130818814006,693.2357997155619,743.4748112023467,742.7772804329657,656.6091925240814,378.67962462956245,580.2535452399255,491.07067492807664,1051.5958977536873,782.9018112970093,945.9985261243021,1601.7666716694466,73.02446253427492,639.9518655181729,1278.1049856967525,1033.8471122231092,637.0541759244435,764.5535632873082,552.6391248100934,0.0,366.07185253268466,580.668691311113,740.8862034216587,694.4094220031399,1281.1371218392924,1179.645915128118,345.1251934047917
San Luis Potosí,129.54202837587158,1114.1110602132417,1384.1212584396349,871.678755064767,554.5905569066442,257.3376931813825,356.03352333159927,430.06705031884206,399.02641002146913,721.5740703445149,408.71460256339134,294.71740881200617,126.15225627634281,1249.598441103673,514.2853913131883,977.3119132349409,1828.976886406185,397.73030222006196,274.05410229616103,1191.7588243897908,716.0755536360523,326.41218546916105,447.9121069994763,196.25456752942833,366.07185253268466,0.0,399.87729540263626,428.4344002866507,345.89207561184764,1035.5500986961079,965.2206748944499,193.22826351432977
Tepic,271.0167521045173,1495.2703934365638,1758.3486173914412,787.9557190328843,731.1936833291877,628.466709482502,634.1789880267609,281.28177536957793,651.1676897505467,446.3083430523502,278.4778589640013,177.03510348660961,381.3484407447347,1029.1092414703521,850.6678204038543,633.9703808245604,1609.4802124852324,646.8964814258786,438.42957117791366,1582.876994737002,969.2069782063444,652.6528807187468,740.9994220917508,485.651959553137,580.668691311113,399.87729540263626,0.0,731.0945247326414,600.0940226496712,1353.2243549189698,1309.6126937974618,252.2797506662835
Tlaxcala,504.2536647225713,805.1554675702864,1049.3227045991616,1296.8616979769436,246.7993296088237,503.2855446044825,99.13901395659435,576.9003059322781,109.69620990471321,1129.179211512232,829.2139600863318,560.348090067018,363.42126602739387,1675.2883000619277,135.25102093010523,1359.9320972318824,2256.2620857372017,741.4579743583398,304.95587174470904,920.2030660845229,293.61340395772913,104.94024323398573,25.35272933032653,253.26815540228793,740.8862034216587,428.4344002866507,731.0945247326414,0.0,140.29219651411714,624.0493387938573,581.293438113467,608.1363188237337
Toluca,393.9953715708117,944.4011200063783,1189.607861950663,1214.9392063512098,217.8832722519441,490.4175987391666,44.021078052166246,436.720122621272,55.117335302859175,1012.4863971447174,724.2008608250924,426.14882036902833,252.2198231664619,1570.9104689416347,274.20008202479966,1232.5902965639816,2154.2336612739136,708.5662250900199,166.258362588289,1056.698090347299,381.93525768504605,122.38033035900227,143.94019361539227,150.319258814251,694.4094220031399,345.89207561184764,600.0940226496712,140.29219651411714,0.0,753.5085014505705,719.341918778063,504.9357777982186
Tuxtla Gutierrez,1125.6171074907677,436.5257342260112,545.2698406260164,1875.0627073945584,684.9787771347546,1015.6373347109842,719.2515381635945,1167.692721450622,704.2791238777397,1750.476337523912,1443.7722415635606,1179.6145395821209,986.5330792619982,2282.9987951770286,521.2813209776368,1983.841374467682,2858.274966283176,1256.9346765251667,918.1658376527377,589.0436580413949,422.89664684211124,714.5852827769279,612.4763884172648,876.4918311880738,1281.1371218392924,1035.5500986961079,1353.2243549189698,624.0493387938573,753.5085014505705,0.0,148.66813853756491,1224.311496749879
Villahermosa,1066.477424865719,317.7376420397891,490.51168676528357,1779.6759186305387,695.1428394857985,913.8448707361428,680.2437642098732,1150.2436078860403,676.1798513762947,1686.379972022573,1373.1515851518789,1141.1684342300234,932.7262872594832,2201.7250925861995,459.53485108678217,1932.043706446351,2771.2011699493787,1149.5120051484616,885.4697294433629,469.74254849874956,449.9273361238045,658.1495135204966,575.4245656995455,824.8019233370655,1179.645915128118,965.2206748944499,1309.6126937974618,581.293438113467,719.341918778063,148.66813853756491,0.0,1157.5988244678217
Zacatecas,114.53911211250349,1304.9594611789867,1576.1323690698066,720.7519268976934,692.5145304472718,381.44641213868283,524.9860067275289,405.42415577785124,560.0364066291716,528.7891238230063,221.10211902347044,239.7005237599386,252.85652229324452,1067.961788240236,703.8458534164208,785.3923557582067,1650.3282305880955,405.1806238310634,383.1715159327965,1378.2439944090308,885.8547474624819,510.61855100139786,625.1066407220238,358.5184013161236,345.1251934047917,193.22826351432977,252.2797506662835,608.1363188237337,504.9357777982186,1224.311496749879,1157.5988244678217,0.0
